18 -0.0030429319080521 -0.0007602963778900
5 -0.0008993823383085 0.0010322042288557
4 -0.0012317041724377 0.0012848850588643
20 -0.0005383195403668 -0.0013658910812098
2 -0.0015240049351382 0.0017712286238015
11 -0.0013903974709977 -0.0001516475406032
6 -0.0021601748168498 0.0009829980769231
13 -0.0027788802784223 -0.0003530187935035
19 0.0026449529609690 -0.0008216147375505
7 -0.0010678041176471 0.0008423429411765
14 0.0015932044164038 -0.0004920883280757
17 -0.0023079658974359 -0.0006783356410256
21 -0.0027493057803468 -0.0023300890173410

Total matched stars = 0

-1.000000000000000  1.000000000000000  1.000000000000000  1.000000000000000
19 -0.0030849028505554 -0.0007166311779501
7 -0.0009368255860309 0.0010717084595758
6 -0.0012686086318663 0.0013250945240532
21 -0.0005802433495737 -0.0013273441047503
3 -0.0015599739897553 0.0018126063460444
13 -0.0014304061439589 -0.0001113760668380
8 -0.0021983727356747 0.0010250542513863
15 -0.0028198197590361 -0.0003099514457831
20 0.0026029120596206 -0.0007893910569106
9 -0.0011050867346939 0.0008821126822157
16 0.0015526751851852 -0.0004575829629630
14 -0.0014632708121827 -0.0001381388324873
18 -0.0023490741691843 -0.0006363663141994

Total matched stars = 2

-0.003360553505559  0.059935297729421  0.695349769951756  0.716159961109747 
